name: hummel_app
channels:
  - bioconda
  - conda-forge
dependencies:
  - _openmp_mutex=4.5=2_gnu
  - beautifulsoup4=4.14.2=pyha770c72_0
  - brotli-python=1.2.0=py312h9d5906e_0
  - bzip2=1.0.8=h0ad9c76_8
  - ca-certificates=2025.11.12=h4c7d964_0
  - certifi=2025.11.12=pyhd8ed1ab_0
  - cffi=2.0.0=py312he06e257_1
  - charset-normalizer=3.4.4=pyhd8ed1ab_0
  - h2=4.3.0=pyhcf101f3_0
  - hpack=4.1.0=pyhd8ed1ab_0
  - hyperframe=6.1.0=pyhd8ed1ab_0
  - idna=3.11=pyhd8ed1ab_0
  - lcms2=2.17=hbcf6048_0
  - lerc=4.0.0=h6470a55_1
  - libblas=3.11.0=1_hf2e6a31_mkl
  - libcblas=3.11.0=1_h2a3cdd5_mkl
  - libdeflate=1.25=h51727cc_0
  - libexpat=2.7.3=hac47afa_0
  - libffi=3.5.2=h52bdfb6_0
  - libfreetype=2.14.1=h57928b3_0
  - libfreetype6=2.14.1=hdbac1cb_0
  - libgcc=15.2.0=h1383e82_7
  - libgomp=15.2.0=h1383e82_7
  - libhwloc=2.12.1=default_h64bd3f2_1002
  - libiconv=1.18=hc1393d2_2
  - libjpeg-turbo=3.1.2=hfd05255_0
  - liblapack=3.11.0=1_hf9ab0e9_mkl
  - liblzma=5.8.1=h2466b09_2
  - libpng=1.6.50=h7351971_1
  - libsqlite=3.51.0=hf5d6505_0
  - libtiff=4.7.1=h8f73337_1
  - libwebp-base=1.6.0=h4d5522a_0
  - libwinpthread=12.0.0.r4.gg4f2fc60ca=h57928b3_10
  - libxcb=1.17.0=h0e4246c_0
  - libxml2=2.15.1=h5d26750_0
  - libxml2-16=2.15.1=h692994f_0
  - libzlib=1.3.1=h2466b09_2
  - llvm-openmp=21.1.6=h4fa8253_0
  - mkl=2025.3.0=hac47afa_454
  - numpy=2.3.5=py312ha72d056_0
  - openjpeg=2.5.4=h24db6dd_0
  - openssl=3.6.0=h725018a_0
  - pandas=2.3.3=py312hc128f0a_1
  - pillow=12.0.0=py312h036897e_0
  - pip=25.3=pyh8b19718_0
  - pthread-stubs=0.4=h0e40799_1002
  - pycparser=2.22=pyh29332c3_1
  - pysocks=1.7.1=pyh09c184e_7
  - python=3.12.12=h0159041_1_cpython
  - python-dateutil=2.9.0.post0=pyhe01879c_2
  - python-tzdata=2025.2=pyhd8ed1ab_0
  - python_abi=3.12=8_cp312
  - pytz=2025.2=pyhd8ed1ab_0
  - requests=2.32.5=pyhd8ed1ab_0
  - setuptools=80.9.0=pyhff2d567_0
  - six=1.17.0=pyhe01879c_1
  - soupsieve=2.8=pyhd8ed1ab_0
  - tbb=2022.3.0=hd094cb3_1
  - tk=8.6.13=h2c6b04d_3
  - typing-extensions=4.15.0=h396c80c_0
  - typing_extensions=4.15.0=pyhcf101f3_0
  - tzdata=2025b=h78e105d_0
  - ucrt=10.0.26100.0=h57928b3_0
  - urllib3=2.5.0=pyhd8ed1ab_0
  - vc=14.3=h2b53caa_32
  - vc14_runtime=14.44.35208=h818238b_32
  - vcomp14=14.44.35208=h818238b_32
  - wheel=0.45.1=pyhd8ed1ab_1
  - win_inet_pton=1.1.0=pyh7428d3b_8
  - xorg-libxau=1.0.12=hba3369d_1
  - xorg-libxdmcp=1.1.5=hba3369d_1
  - zlib-ng=2.2.5=h32d8bfd_0
  - zstandard=0.25.0=py312he5662c2_1
  - zstd=1.5.7=hbeecb71_2
  - pip:
      - altgraph==0.17.4
      - packaging==25.0
      - pefile==2023.2.7
      - pyinstaller==6.16.0
      - pyinstaller-hooks-contrib==2025.9
      - pyperclip==1.11.0
      - pywin32-ctypes==0.2.3
prefix: C:\Users\lasse\miniconda3\envs\hummel_app
